usr<-c(1,2,3);